5  26  0.01  5.09902
5.02  32  0.01  5.65685
5.04  29  0.01  5.38516
5.06  23  0.01  4.79583
5.08  28  0.01  5.2915
5.1  33  0.01  5.74456
5.12  15  0.01  3.87298
5.14  29  0.01  5.38516
5.16  14  0.01  3.74166
5.18  29  0.01  5.38516
5.2  24  0.01  4.89898
5.22  25  0.01  5
5.24  21  0.01  4.58258
5.26  24  0.01  4.89898
5.28  27  0.01  5.19615
5.3  14  0.01  3.74166
5.32  28  0.01  5.2915
5.34  26  0.01  5.09902
5.36  29  0.01  5.38516
5.38  16  0.01  4
5.4  20  0.01  4.47214
5.42  16  0.01  4
5.44  20  0.01  4.47214
5.46  13  0.01  3.60555
5.48  19  0.01  4.3589
5.5  13  0.01  3.60555
5.52  19  0.01  4.3589
5.54  18  0.01  4.24264
5.56  14  0.01  3.74166
5.58  26  0.01  5.09902
5.6  19  0.01  4.3589
5.62  21  0.01  4.58258
5.64  14  0.01  3.74166
5.66  18  0.01  4.24264
5.68  17  0.01  4.12311
5.7  17  0.01  4.12311
5.72  17  0.01  4.12311
5.74  19  0.01  4.3589
5.76  21  0.01  4.58258
5.78  15  0.01  3.87298
5.8  28  0.01  5.2915
5.82  16  0.01  4
5.84  21  0.01  4.58258
5.86  13  0.01  3.60555
5.88  19  0.01  4.3589
5.9  21  0.01  4.58258
5.92  16  0.01  4
5.94  22  0.01  4.69042
5.96  11  0.01  3.31662
5.98  14  0.01  3.74166
6  19  0.01  4.3589
6.02  21  0.01  4.58258
6.04  12  0.01  3.4641
6.06  14  0.01  3.74166
6.08  13  0.01  3.60555
6.1  17  0.01  4.12311
6.12  13  0.01  3.60555
6.14  20  0.01  4.47214
6.16  9  0.01  3
6.18  22  0.01  4.69042
6.2  14  0.01  3.74166
6.22  19  0.01  4.3589
6.24  21  0.01  4.58258
6.26  19  0.01  4.3589
6.28  16  0.01  4
6.3  19  0.01  4.3589
6.32  22  0.01  4.69042
6.34  20  0.01  4.47214
6.36  10  0.01  3.16228
6.38  14  0.01  3.74166
6.4  19  0.01  4.3589
6.42  16  0.01  4
6.44  14  0.01  3.74166
6.46  13  0.01  3.60555
6.48  13  0.01  3.60555
6.5  17  0.01  4.12311
6.52  12  0.01  3.4641
6.54  17  0.01  4.12311
6.56  17  0.01  4.12311
6.58  12  0.01  3.4641
6.6  14  0.01  3.74166
6.62  15  0.01  3.87298
6.64  16  0.01  4
6.66  15  0.01  3.87298
6.68  17  0.01  4.12311
6.7  15  0.01  3.87298
6.72  14  0.01  3.74166
6.74  17  0.01  4.12311
6.76  15  0.01  3.87298
6.78  17  0.01  4.12311
6.8  14  0.01  3.74166
6.82  15  0.01  3.87298
6.84  10  0.01  3.16228
6.86  8  0.01  2.82843
6.88  12  0.01  3.4641
6.9  11  0.01  3.31662
6.92  15  0.01  3.87298
6.94  13  0.01  3.60555
6.96  17  0.01  4.12311
6.98  17  0.01  4.12311
7  18  0.01  4.24264
7.02  13  0.01  3.60555
7.04  17  0.01  4.12311
7.06  13  0.01  3.60555
7.08  19  0.01  4.3589
7.1  15  0.01  3.87298
7.12  11  0.01  3.31662
7.14  11  0.01  3.31662
7.16  19  0.01  4.3589
7.18  12  0.01  3.4641
7.2  15  0.01  3.87298
7.22  7  0.01  2.64575
7.24  11  0.01  3.31662
7.26  11  0.01  3.31662
7.28  12  0.01  3.4641
7.3  16  0.01  4
7.32  11  0.01  3.31662
7.34  14  0.01  3.74166
7.36  9  0.01  3
7.38  12  0.01  3.4641
7.4  15  0.01  3.87298
7.42  9  0.01  3
7.44  10  0.01  3.16228
7.46  13  0.01  3.60555
7.48  18  0.01  4.24264
7.5  17  0.01  4.12311
7.52  6  0.01  2.44949
7.54  17  0.01  4.12311
7.56  18  0.01  4.24264
7.58  11  0.01  3.31662
7.6  12  0.01  3.4641
7.62  12  0.01  3.4641
7.64  6  0.01  2.44949
7.66  11  0.01  3.31662
7.68  9  0.01  3
7.7  9  0.01  3
7.72  10  0.01  3.16228
7.74  15  0.01  3.87298
7.76  12  0.01  3.4641
7.78  12  0.01  3.4641
7.8  11  0.01  3.31662
7.82  7  0.01  2.64575
7.84  15  0.01  3.87298
7.86  11  0.01  3.31662
7.88  5  0.01  2.23607
7.9  17  0.01  4.12311
7.92  19  0.01  4.3589
7.94  7  0.01  2.64575
7.96  18  0.01  4.24264
7.98  14  0.01  3.74166
8  9  0.01  3
8.02  12  0.01  3.4641
8.04  12  0.01  3.4641
8.06  9  0.01  3
8.08  16  0.01  4
8.1  15  0.01  3.87298
8.12  16  0.01  4
8.14  9  0.01  3
8.16  14  0.01  3.74166
8.18  11  0.01  3.31662
8.2  5  0.01  2.23607
8.22  13  0.01  3.60555
8.24  12  0.01  3.4641
8.26  16  0.01  4
8.28  8  0.01  2.82843
8.3  6  0.01  2.44949
8.32  14  0.01  3.74166
8.34  13  0.01  3.60555
8.36  6  0.01  2.44949
8.38  14  0.01  3.74166
8.4  15  0.01  3.87298
8.42  10  0.01  3.16228
8.44  15  0.01  3.87298
8.46  5  0.01  2.23607
8.48  3  0.01  1.73205
8.5  10  0.01  3.16228
8.52  4  0.01  2
8.54  12  0.01  3.4641
8.56  11  0.01  3.31662
8.58  7  0.01  2.64575
8.6  12  0.01  3.4641
8.62  8  0.01  2.82843
8.64  11  0.01  3.31662
8.66  12  0.01  3.4641
8.68  12  0.01  3.4641
8.7  16  0.01  4
8.72  13  0.01  3.60555
8.74  12  0.01  3.4641
8.76  10  0.01  3.16228
8.78  11  0.01  3.31662
8.8  9  0.01  3
8.82  10  0.01  3.16228
8.84  16  0.01  4
8.86  13  0.01  3.60555
8.88  10  0.01  3.16228
8.9  8  0.01  2.82843
8.92  3  0.01  1.73205
8.94  14  0.01  3.74166
8.96  15  0.01  3.87298
8.98  9  0.01  3
9  15  0.01  3.87298
9.02  7  0.01  2.64575
9.04  17  0.01  4.12311
9.06  5  0.01  2.23607
9.08  6  0.01  2.44949
9.1  9  0.01  3
9.12  10  0.01  3.16228
9.14  4  0.01  2
9.16  10  0.01  3.16228
9.18  7  0.01  2.64575
9.2  11  0.01  3.31662
9.22  7  0.01  2.64575
9.24  12  0.01  3.4641
9.26  11  0.01  3.31662
9.28  5  0.01  2.23607
9.3  5  0.01  2.23607
9.32  14  0.01  3.74166
9.34  7  0.01  2.64575
9.36  10  0.01  3.16228
9.38  4  0.01  2
9.4  11  0.01  3.31662
9.42  9  0.01  3
9.44  7  0.01  2.64575
9.46  16  0.01  4
9.48  9  0.01  3
9.5  9  0.01  3
9.52  17  0.01  4.12311
9.54  8  0.01  2.82843
9.56  11  0.01  3.31662
9.58  7  0.01  2.64575
9.6  6  0.01  2.44949
9.62  8  0.01  2.82843
9.64  8  0.01  2.82843
9.66  9  0.01  3
9.68  10  0.01  3.16228
9.7  9  0.01  3
9.72  7  0.01  2.64575
9.74  5  0.01  2.23607
9.76  13  0.01  3.60555
9.78  11  0.01  3.31662
9.8  6  0.01  2.44949
9.82  15  0.01  3.87298
9.84  18  0.01  4.24264
9.86  10  0.01  3.16228
9.88  2  0.01  1.41421
9.9  9  0.01  3
9.92  7  0.01  2.64575
9.94  7  0.01  2.64575
9.96  7  0.01  2.64575
9.98  8  0.01  2.82843
10  10  0.01  3.16228
10.02  4  0.01  2
10.04  12  0.01  3.4641
10.06  16  0.01  4
10.08  7  0.01  2.64575
10.1  10  0.01  3.16228
10.12  16  0.01  4
10.14  10  0.01  3.16228
10.16  10  0.01  3.16228
10.18  9  0.01  3
10.2  4  0.01  2
10.22  12  0.01  3.4641
10.24  11  0.01  3.31662
10.26  15  0.01  3.87298
10.28  10  0.01  3.16228
10.3  9  0.01  3
10.32  9  0.01  3
10.34  6  0.01  2.44949
10.36  12  0.01  3.4641
10.38  7  0.01  2.64575
10.4  12  0.01  3.4641
10.42  11  0.01  3.31662
10.44  8  0.01  2.82843
10.46  4  0.01  2
10.48  14  0.01  3.74166
10.5  16  0.01  4
10.52  9  0.01  3
10.54  13  0.01  3.60555
10.56  10  0.01  3.16228
10.58  9  0.01  3
10.6  9  0.01  3
10.62  14  0.01  3.74166
10.64  8  0.01  2.82843
10.66  10  0.01  3.16228
10.68  4  0.01  2
10.7  13  0.01  3.60555
10.72  8  0.01  2.82843
10.74  11  0.01  3.31662
10.76  8  0.01  2.82843
10.78  11  0.01  3.31662
10.8  8  0.01  2.82843
10.82  10  0.01  3.16228
10.84  7  0.01  2.64575
10.86  8  0.01  2.82843
10.88  12  0.01  3.4641
10.9  4  0.01  2
10.92  5  0.01  2.23607
10.94  13  0.01  3.60555
10.96  9  0.01  3
10.98  9  0.01  3
11  5  0.01  2.23607
11.02  11  0.01  3.31662
11.04  8  0.01  2.82843
11.06  9  0.01  3
11.08  9  0.01  3
11.1  10  0.01  3.16228
11.12  14  0.01  3.74166
11.14  10  0.01  3.16228
11.16  6  0.01  2.44949
11.18  9  0.01  3
11.2  11  0.01  3.31662
11.22  8  0.01  2.82843
11.24  10  0.01  3.16228
11.26  7  0.01  2.64575
11.28  6  0.01  2.44949
11.3  12  0.01  3.4641
11.32  8  0.01  2.82843
11.34  10  0.01  3.16228
11.36  12  0.01  3.4641
11.38  9  0.01  3
11.4  12  0.01  3.4641
11.42  12  0.01  3.4641
11.44  9  0.01  3
11.46  5  0.01  2.23607
11.48  6  0.01  2.44949
11.5  6  0.01  2.44949
11.52  9  0.01  3
11.54  9  0.01  3
11.56  7  0.01  2.64575
11.58  13  0.01  3.60555
11.6  14  0.01  3.74166
11.62  12  0.01  3.4641
11.64  11  0.01  3.31662
11.66  6  0.01  2.44949
11.68  15  0.01  3.87298
11.7  9  0.01  3
11.72  10  0.01  3.16228
11.74  11  0.01  3.31662
11.76  9  0.01  3
11.78  13  0.01  3.60555
11.8  8  0.01  2.82843
11.82  13  0.01  3.60555
11.84  10  0.01  3.16228
11.86  10  0.01  3.16228
11.88  8  0.01  2.82843
11.9  7  0.01  2.64575
11.92  8  0.01  2.82843
11.94  5  0.01  2.23607
11.96  10  0.01  3.16228
11.98  8  0.01  2.82843
12  15  0.01  3.87298
12.02  6  0.01  2.44949
12.04  12  0.01  3.4641
12.06  11  0.01  3.31662
12.08  6  0.01  2.44949
12.1  14  0.01  3.74166
12.12  6  0.01  2.44949
12.14  14  0.01  3.74166
12.16  8  0.01  2.82843
12.18  7  0.01  2.64575
12.2  10  0.01  3.16228
12.22  14  0.01  3.74166
12.24  11  0.01  3.31662
12.26  7  0.01  2.64575
12.28  5  0.01  2.23607
12.3  10  0.01  3.16228
12.32  8  0.01  2.82843
12.34  8  0.01  2.82843
12.36  3  0.01  1.73205
12.38  8  0.01  2.82843
12.4  13  0.01  3.60555
12.42  14  0.01  3.74166
12.44  5  0.01  2.23607
12.46  13  0.01  3.60555
12.48  4  0.01  2
12.5  10  0.01  3.16228
12.52  14  0.01  3.74166
12.54  13  0.01  3.60555
12.56  6  0.01  2.44949
12.58  12  0.01  3.4641
12.6  7  0.01  2.64575
12.62  12  0.01  3.4641
12.64  12  0.01  3.4641
12.66  7  0.01  2.64575
12.68  9  0.01  3
12.7  1  0.01  1
12.72  14  0.01  3.74166
12.74  15  0.01  3.87298
12.76  9  0.01  3
12.78  15  0.01  3.87298
12.8  7  0.01  2.64575
12.82  8  0.01  2.82843
12.84  10  0.01  3.16228
12.86  4  0.01  2
12.88  5  0.01  2.23607
12.9  13  0.01  3.60555
12.92  5  0.01  2.23607
12.94  11  0.01  3.31662
12.96  6  0.01  2.44949
12.98  5  0.01  2.23607
13  5  0.01  2.23607
13.02  5  0.01  2.23607
13.04  8  0.01  2.82843
13.06  9  0.01  3
13.08  7  0.01  2.64575
13.1  12  0.01  3.4641
13.12  12  0.01  3.4641
13.14  9  0.01  3
13.16  6  0.01  2.44949
13.18  10  0.01  3.16228
13.2  4  0.01  2
13.22  6  0.01  2.44949
13.24  3  0.01  1.73205
13.26  12  0.01  3.4641
13.28  12  0.01  3.4641
13.3  3  0.01  1.73205
13.32  6  0.01  2.44949
13.34  6  0.01  2.44949
13.36  8  0.01  2.82843
13.38  11  0.01  3.31662
13.4  8  0.01  2.82843
13.42  7  0.01  2.64575
13.44  13  0.01  3.60555
13.46  7  0.01  2.64575
13.48  13  0.01  3.60555
13.5  11  0.01  3.31662
13.52  4  0.01  2
13.54  6  0.01  2.44949
13.56  13  0.01  3.60555
13.58  9  0.01  3
13.6  15  0.01  3.87298
13.62  12  0.01  3.4641
13.64  16  0.01  4
13.66  20  0.01  4.47214
13.68  6  0.01  2.44949
13.7  10  0.01  3.16228
13.72  10  0.01  3.16228
13.74  14  0.01  3.74166
13.76  8  0.01  2.82843
13.78  10  0.01  3.16228
13.8  13  0.01  3.60555
13.82  8  0.01  2.82843
13.84  13  0.01  3.60555
13.86  10  0.01  3.16228
13.88  5  0.01  2.23607
13.9  3  0.01  1.73205
13.92  9  0.01  3
13.94  15  0.01  3.87298
13.96  7  0.01  2.64575
13.98  13  0.01  3.60555
14  6  0.01  2.44949
14.02  10  0.01  3.16228
14.04  9  0.01  3
14.06  9  0.01  3
14.08  9  0.01  3
14.1  5  0.01  2.23607
14.12  5  0.01  2.23607
14.14  4  0.01  2
14.16  13  0.01  3.60555
14.18  10  0.01  3.16228
14.2  10  0.01  3.16228
14.22  6  0.01  2.44949
14.24  9  0.01  3
14.26  7  0.01  2.64575
14.28  13  0.01  3.60555
14.3  6  0.01  2.44949
14.32  8  0.01  2.82843
14.34  11  0.01  3.31662
14.36  6  0.01  2.44949
14.38  8  0.01  2.82843
14.4  9  0.01  3
14.42  5  0.01  2.23607
14.44  8  0.01  2.82843
14.46  8  0.01  2.82843
14.48  6  0.01  2.44949
14.5  6  0.01  2.44949
14.52  5  0.01  2.23607
14.54  10  0.01  3.16228
14.56  6  0.01  2.44949
14.58  6  0.01  2.44949
14.6  5  0.01  2.23607
14.62  5  0.01  2.23607
14.64  3  0.01  1.73205
14.66  4  0.01  2
14.68  5  0.01  2.23607
14.7  7  0.01  2.64575
14.72  5  0.01  2.23607
14.74  9  0.01  3
14.76  10  0.01  3.16228
14.78  5  0.01  2.23607
14.8  6  0.01  2.44949
14.82  9  0.01  3
14.84  14  0.01  3.74166
14.86  6  0.01  2.44949
14.88  5  0.01  2.23607
14.9  8  0.01  2.82843
14.92  10  0.01  3.16228
14.94  9  0.01  3
14.96  2  0.01  1.41421
14.98  2  0.01  1.41421
15  8  0.01  2.82843
15.02  10  0.01  3.16228
15.04  5  0.01  2.23607
15.06  9  0.01  3
15.08  10  0.01  3.16228
15.1  10  0.01  3.16228
15.12  15  0.01  3.87298
15.14  6  0.01  2.44949
15.16  8  0.01  2.82843
15.18  13  0.01  3.60555
15.2  9  0.01  3
15.22  7  0.01  2.64575
15.24  5  0.01  2.23607
15.26  8  0.01  2.82843
15.28  16  0.01  4
15.3  9  0.01  3
15.32  6  0.01  2.44949
15.34  5  0.01  2.23607
15.36  9  0.01  3
15.38  7  0.01  2.64575
15.4  8  0.01  2.82843
15.42  7  0.01  2.64575
15.44  9  0.01  3
15.46  8  0.01  2.82843
15.48  7  0.01  2.64575
15.5  6  0.01  2.44949
15.52  7  0.01  2.64575
15.54  3  0.01  1.73205
15.56  15  0.01  3.87298
15.58  9  0.01  3
15.6  11  0.01  3.31662
15.62  11  0.01  3.31662
15.64  10  0.01  3.16228
15.66  8  0.01  2.82843
15.68  13  0.01  3.60555
15.7  15  0.01  3.87298
15.72  10  0.01  3.16228
15.74  7  0.01  2.64575
15.76  4  0.01  2
15.78  8  0.01  2.82843
15.8  12  0.01  3.4641
15.82  9  0.01  3
15.84  7  0.01  2.64575
15.86  4  0.01  2
15.88  8  0.01  2.82843
15.9  7  0.01  2.64575
15.92  4  0.01  2
15.94  5  0.01  2.23607
15.96  10  0.01  3.16228
15.98  11  0.01  3.31662
16  2  0.01  1.41421
16.02  4  0.01  2
16.04  4  0.01  2
16.06  8  0.01  2.82843
16.08  4  0.01  2
16.1  7  0.01  2.64575
16.12  10  0.01  3.16228
16.14  12  0.01  3.4641
16.16  8  0.01  2.82843
16.18  13  0.01  3.60555
16.2  3  0.01  1.73205
16.22  4  0.01  2
16.24  10  0.01  3.16228
16.26  8  0.01  2.82843
16.28  10  0.01  3.16228
16.3  4  0.01  2
16.32  13  0.01  3.60555
16.34  7  0.01  2.64575
16.36  6  0.01  2.44949
16.38  8  0.01  2.82843
16.4  8  0.01  2.82843
16.42  11  0.01  3.31662
16.44  6  0.01  2.44949
16.46  10  0.01  3.16228
16.48  8  0.01  2.82843
16.5  9  0.01  3
16.52  8  0.01  2.82843
16.54  9  0.01  3
16.56  5  0.01  2.23607
16.58  10  0.01  3.16228
16.6  8  0.01  2.82843
16.62  7  0.01  2.64575
16.64  9  0.01  3
16.66  10  0.01  3.16228
16.68  7  0.01  2.64575
16.7  10  0.01  3.16228
16.72  8  0.01  2.82843
16.74  7  0.01  2.64575
16.76  11  0.01  3.31662
16.78  9  0.01  3
16.8  8  0.01  2.82843
16.82  8  0.01  2.82843
16.84  10  0.01  3.16228
16.86  4  0.01  2
16.88  7  0.01  2.64575
16.9  4  0.01  2
16.92  11  0.01  3.31662
16.94  8  0.01  2.82843
16.96  10  0.01  3.16228
16.98  12  0.01  3.4641
17  7  0.01  2.64575
17.02  7  0.01  2.64575
17.04  9  0.01  3
17.06  6  0.01  2.44949
17.08  12  0.01  3.4641
17.1  8  0.01  2.82843
17.12  12  0.01  3.4641
17.14  11  0.01  3.31662
17.16  8  0.01  2.82843
17.18  10  0.01  3.16228
17.2  9  0.01  3
17.22  10  0.01  3.16228
17.24  9  0.01  3
17.26  3  0.01  1.73205
17.28  10  0.01  3.16228
17.3  14  0.01  3.74166
17.32  9  0.01  3
17.34  5  0.01  2.23607
17.36  5  0.01  2.23607
17.38  6  0.01  2.44949
17.4  7  0.01  2.64575
17.42  6  0.01  2.44949
17.44  1  0.01  1
17.46  10  0.01  3.16228
17.48  8  0.01  2.82843
17.5  8  0.01  2.82843
17.52  6  0.01  2.44949
17.54  13  0.01  3.60555
17.56  12  0.01  3.4641
17.58  12  0.01  3.4641
17.6  11  0.01  3.31662
17.62  5  0.01  2.23607
17.64  7  0.01  2.64575
17.66  16  0.01  4
17.68  10  0.01  3.16228
17.7  4  0.01  2
17.72  8  0.01  2.82843
17.74  13  0.01  3.60555
17.76  13  0.01  3.60555
17.78  14  0.01  3.74166
17.8  9  0.01  3
17.82  8  0.01  2.82843
17.84  9  0.01  3
17.86  11  0.01  3.31662
17.88  7  0.01  2.64575
17.9  9  0.01  3
17.92  12  0.01  3.4641
17.94  7  0.01  2.64575
17.96  13  0.01  3.60555
17.98  9  0.01  3
18  7  0.01  2.64575
18.02  11  0.01  3.31662
18.04  8  0.01  2.82843
18.06  7  0.01  2.64575
18.08  9  0.01  3
18.1  14  0.01  3.74166
18.12  18  0.01  4.24264
18.14  12  0.01  3.4641
18.16  12  0.01  3.4641
18.18  12  0.01  3.4641
18.2  15  0.01  3.87298
18.22  9  0.01  3
18.24  9  0.01  3
18.26  10  0.01  3.16228
18.28  11  0.01  3.31662
18.3  6  0.01  2.44949
18.32  12  0.01  3.4641
18.34  12  0.01  3.4641
18.36  12  0.01  3.4641
18.38  12  0.01  3.4641
18.4  11  0.01  3.31662
18.42  6  0.01  2.44949
18.44  6  0.01  2.44949
18.46  13  0.01  3.60555
18.48  4  0.01  2
18.5  8  0.01  2.82843
18.52  10  0.01  3.16228
18.54  9  0.01  3
18.56  10  0.01  3.16228
18.58  8  0.01  2.82843
18.6  8  0.01  2.82843
18.62  7  0.01  2.64575
18.64  12  0.01  3.4641
18.66  16  0.01  4
18.68  13  0.01  3.60555
18.7  9  0.01  3
18.72  8  0.01  2.82843
18.74  8  0.01  2.82843
18.76  8  0.01  2.82843
18.78  11  0.01  3.31662
18.8  8  0.01  2.82843
18.82  9  0.01  3
18.84  11  0.01  3.31662
18.86  9  0.01  3
18.88  10  0.01  3.16228
18.9  15  0.01  3.87298
18.92  16  0.01  4
18.94  13  0.01  3.60555
18.96  9  0.01  3
18.98  11  0.01  3.31662
19  10  0.01  3.16228
19.02  11  0.01  3.31662
19.04  5  0.01  2.23607
19.06  1  0.01  1
19.08  12  0.01  3.4641
19.1  9  0.01  3
19.12  7  0.01  2.64575
19.14  10  0.01  3.16228
19.16  10  0.01  3.16228
19.18  9  0.01  3
19.2  12  0.01  3.4641
19.22  17  0.01  4.12311
19.24  5  0.01  2.23607
19.26  7  0.01  2.64575
19.28  14  0.01  3.74166
19.3  13  0.01  3.60555
19.32  9  0.01  3
19.34  11  0.01  3.31662
19.36  9  0.01  3
19.38  12  0.01  3.4641
19.4  9  0.01  3
19.42  7  0.01  2.64575
19.44  10  0.01  3.16228
19.46  12  0.01  3.4641
19.48  12  0.01  3.4641
19.5  11  0.01  3.31662
19.52  5  0.01  2.23607
19.54  9  0.01  3
19.56  10  0.01  3.16228
19.58  10  0.01  3.16228
19.6  9  0.01  3
19.62  9  0.01  3
19.64  10  0.01  3.16228
19.66  8  0.01  2.82843
19.68  11  0.01  3.31662
19.7  11  0.01  3.31662
19.72  11  0.01  3.31662
19.74  10  0.01  3.16228
19.76  7  0.01  2.64575
19.78  9  0.01  3
19.8  9  0.01  3
19.82  11  0.01  3.31662
19.84  15  0.01  3.87298
19.86  12  0.01  3.4641
19.88  9  0.01  3
19.9  14  0.01  3.74166
19.92  10  0.01  3.16228
19.94  10  0.01  3.16228
19.96  14  0.01  3.74166
19.98  10  0.01  3.16228
20  12  0.01  3.4641
20.02  13  0.01  3.60555
20.04  8  0.01  2.82843
20.06  6  0.01  2.44949
20.08  13  0.01  3.60555
20.1  8  0.01  2.82843
20.12  10  0.01  3.16228
20.14  7  0.01  2.64575
20.16  11  0.01  3.31662
20.18  6  0.01  2.44949
20.2  8  0.01  2.82843
20.22  13  0.01  3.60555
20.24  8  0.01  2.82843
20.26  11  0.01  3.31662
20.28  9  0.01  3
20.3  6  0.01  2.44949
20.32  7  0.01  2.64575
20.34  8  0.01  2.82843
20.36  11  0.01  3.31662
20.38  9  0.01  3
20.4  8  0.01  2.82843
20.42  16  0.01  4
20.44  7  0.01  2.64575
20.46  12  0.01  3.4641
20.48  14  0.01  3.74166
20.5  10  0.01  3.16228
20.52  6  0.01  2.44949
20.54  10  0.01  3.16228
20.56  12  0.01  3.4641
20.58  8  0.01  2.82843
20.6  8  0.01  2.82843
20.62  12  0.01  3.4641
20.64  13  0.01  3.60555
20.66  11  0.01  3.31662
20.68  6  0.01  2.44949
20.7  9  0.01  3
20.72  10  0.01  3.16228
20.74  11  0.01  3.31662
20.76  13  0.01  3.60555
20.78  8  0.01  2.82843
20.8  8  0.01  2.82843
20.82  13  0.01  3.60555
20.84  7  0.01  2.64575
20.86  3  0.01  1.73205
20.88  10  0.01  3.16228
20.9  6  0.01  2.44949
20.92  5  0.01  2.23607
20.94  19  0.01  4.3589
20.96  9  0.01  3
20.98  11  0.01  3.31662
21  9  0.01  3
21.02  17  0.01  4.12311
21.04  3  0.01  1.73205
21.06  10  0.01  3.16228
21.08  13  0.01  3.60555
21.1  11  0.01  3.31662
21.12  9  0.01  3
21.14  9  0.01  3
21.16  12  0.01  3.4641
21.18  6  0.01  2.44949
21.2  12  0.01  3.4641
21.22  9  0.01  3
21.24  15  0.01  3.87298
21.26  6  0.01  2.44949
21.28  6  0.01  2.44949
21.3  11  0.01  3.31662
21.32  7  0.01  2.64575
21.34  11  0.01  3.31662
21.36  12  0.01  3.4641
21.38  4  0.01  2
21.4  10  0.01  3.16228
21.42  9  0.01  3
21.44  12  0.01  3.4641
21.46  15  0.01  3.87298
21.48  12  0.01  3.4641
21.5  9  0.01  3
21.52  12  0.01  3.4641
21.54  9  0.01  3
21.56  6  0.01  2.44949
21.58  10  0.01  3.16228
21.6  15  0.01  3.87298
21.62  10  0.01  3.16228
21.64  17  0.01  4.12311
21.66  15  0.01  3.87298
21.68  10  0.01  3.16228
21.7  18  0.01  4.24264
21.72  9  0.01  3
21.74  11  0.01  3.31662
21.76  21  0.01  4.58258
21.78  20  0.01  4.47214
21.8  35  0.01  5.91608
21.82  42  0.01  6.48074
21.84  30  0.01  5.47723
21.86  36  0.01  6
21.88  44  0.01  6.63325
21.9  31  0.01  5.56776
21.92  30  0.01  5.47723
21.94  29  0.01  5.38516
21.96  25  0.01  5
21.98  27  0.01  5.19615
22  27  0.01  5.19615
22.02  12  0.01  3.4641
22.04  14  0.01  3.74166
22.06  15  0.01  3.87298
22.08  17  0.01  4.12311
22.1  20  0.01  4.47214
22.12  11  0.01  3.31662
22.14  18  0.01  4.24264
22.16  11  0.01  3.31662
22.18  8  0.01  2.82843
22.2  6  0.01  2.44949
22.22  9  0.01  3
22.24  15  0.01  3.87298
22.26  11  0.01  3.31662
22.28  8  0.01  2.82843
22.3  13  0.01  3.60555
22.32  10  0.01  3.16228
22.34  6  0.01  2.44949
22.36  10  0.01  3.16228
22.38  15  0.01  3.87298
22.4  9  0.01  3
22.42  10  0.01  3.16228
22.44  14  0.01  3.74166
22.46  9  0.01  3
22.48  14  0.01  3.74166
22.5  12  0.01  3.4641
22.52  18  0.01  4.24264
22.54  14  0.01  3.74166
22.56  16  0.01  4
22.58  12  0.01  3.4641
22.6  19  0.01  4.3589
22.62  20  0.01  4.47214
22.64  23  0.01  4.79583
22.66  18  0.01  4.24264
22.68  13  0.01  3.60555
22.7  10  0.01  3.16228
22.72  13  0.01  3.60555
22.74  15  0.01  3.87298
22.76  23  0.01  4.79583
22.78  17  0.01  4.12311
22.8  17  0.01  4.12311
22.82  22  0.01  4.69042
22.84  10  0.01  3.16228
22.86  17  0.01  4.12311
22.88  15  0.01  3.87298
22.9  7  0.01  2.64575
22.92  12  0.01  3.4641
22.94  18  0.01  4.24264
22.96  15  0.01  3.87298
22.98  8  0.01  2.82843
23  16  0.01  4
23.02  12  0.01  3.4641
23.04  15  0.01  3.87298
23.06  10  0.01  3.16228
23.08  14  0.01  3.74166
23.1  6  0.01  2.44949
23.12  19  0.01  4.3589
23.14  8  0.01  2.82843
23.16  17  0.01  4.12311
23.18  10  0.01  3.16228
23.2  11  0.01  3.31662
23.22  11  0.01  3.31662
23.24  20  0.01  4.47214
23.26  17  0.01  4.12311
23.28  11  0.01  3.31662
23.3  10  0.01  3.16228
23.32  14  0.01  3.74166
23.34  21  0.01  4.58258
23.36  20  0.01  4.47214
23.38  33  0.01  5.74456
23.4  37  0.01  6.08276
23.42  56  0.01  7.48331
23.44  59  0.01  7.68115
23.46  73  0.01  8.544
23.48  64  0.01  8
23.5  62  0.01  7.87401
23.52  39  0.01  6.245
23.54  45  0.01  6.7082
23.56  42  0.01  6.48074
23.58  41  0.01  6.40312
23.6  31  0.01  5.56776
23.62  31  0.01  5.56776
23.64  36  0.01  6
23.66  34  0.01  5.83095
23.68  26  0.01  5.09902
23.7  31  0.01  5.56776
23.72  26  0.01  5.09902
23.74  20  0.01  4.47214
23.76  18  0.01  4.24264
23.78  15  0.01  3.87298
23.8  22  0.01  4.69042
23.82  14  0.01  3.74166
23.84  15  0.01  3.87298
23.86  21  0.01  4.58258
23.88  12  0.01  3.4641
23.9  17  0.01  4.12311
23.92  11  0.01  3.31662
23.94  18  0.01  4.24264
23.96  7  0.01  2.64575
23.98  17  0.01  4.12311
24  9  0.01  3
24.02  21  0.01  4.58258
24.04  13  0.01  3.60555
24.06  15  0.01  3.87298
24.08  15  0.01  3.87298
24.1  14  0.01  3.74166
24.12  18  0.01  4.24264
24.14  13  0.01  3.60555
24.16  27  0.01  5.19615
24.18  22  0.01  4.69042
24.2  25  0.01  5
24.22  12  0.01  3.4641
24.24  14  0.01  3.74166
24.26  17  0.01  4.12311
24.28  18  0.01  4.24264
24.3  23  0.01  4.79583
24.32  26  0.01  5.09902
24.34  27  0.01  5.19615
24.36  35  0.01  5.91608
24.38  16  0.01  4
24.4  15  0.01  3.87298
24.42  22  0.01  4.69042
24.44  39  0.01  6.245
24.46  42  0.01  6.48074
24.48  28  0.01  5.2915
24.5  31  0.01  5.56776
24.52  24  0.01  4.89898
24.54  31  0.01  5.56776
24.56  22  0.01  4.69042
24.58  14  0.01  3.74166
24.6  17  0.01  4.12311
24.62  25  0.01  5
24.64  18  0.01  4.24264
24.66  14  0.01  3.74166
24.68  3  0.01  1.73205
24.7  9  0.01  3
24.72  11  0.01  3.31662
24.74  13  0.01  3.60555
24.76  9  0.01  3
24.78  6  0.01  2.44949
24.8  11  0.01  3.31662
24.82  18  0.01  4.24264
24.84  11  0.01  3.31662
24.86  10  0.01  3.16228
24.88  19  0.01  4.3589
24.9  11  0.01  3.31662
24.92  12  0.01  3.4641
24.94  12  0.01  3.4641
24.96  13  0.01  3.60555
24.98  15  0.01  3.87298
25  11  0.01  3.31662
25.02  18  0.01  4.24264
25.04  11  0.01  3.31662
25.06  15  0.01  3.87298
25.08  15  0.01  3.87298
25.1  13  0.01  3.60555
25.12  16  0.01  4
25.14  5  0.01  2.23607
25.16  12  0.01  3.4641
25.18  14  0.01  3.74166
25.2  15  0.01  3.87298
25.22  18  0.01  4.24264
25.24  19  0.01  4.3589
25.26  10  0.01  3.16228
25.28  11  0.01  3.31662
25.3  18  0.01  4.24264
25.32  14  0.01  3.74166
25.34  9  0.01  3
25.36  19  0.01  4.3589
25.38  15  0.01  3.87298
25.4  7  0.01  2.64575
25.42  14  0.01  3.74166
25.44  15  0.01  3.87298
25.46  13  0.01  3.60555
25.48  16  0.01  4
25.5  18  0.01  4.24264
25.52  14  0.01  3.74166
25.54  12  0.01  3.4641
25.56  21  0.01  4.58258
25.58  17  0.01  4.12311
25.6  9  0.01  3
25.62  14  0.01  3.74166
25.64  12  0.01  3.4641
25.66  13  0.01  3.60555
25.68  15  0.01  3.87298
25.7  7  0.01  2.64575
25.72  10  0.01  3.16228
25.74  17  0.01  4.12311
25.76  17  0.01  4.12311
25.78  17  0.01  4.12311
25.8  15  0.01  3.87298
25.82  12  0.01  3.4641
25.84  12  0.01  3.4641
25.86  16  0.01  4
25.88  22  0.01  4.69042
25.9  16  0.01  4
25.92  16  0.01  4
25.94  17  0.01  4.12311
25.96  14  0.01  3.74166
25.98  19  0.01  4.3589
26  8  0.01  2.82843
26.02  19  0.01  4.3589
26.04  11  0.01  3.31662
26.06  15  0.01  3.87298
26.08  16  0.01  4
26.1  16  0.01  4
26.12  21  0.01  4.58258
26.14  15  0.01  3.87298
26.16  9  0.01  3
26.18  16  0.01  4
26.2  17  0.01  4.12311
26.22  13  0.01  3.60555
26.24  22  0.01  4.69042
26.26  15  0.01  3.87298
26.28  16  0.01  4
26.3  20  0.01  4.47214
26.32  25  0.01  5
26.34  25  0.01  5
26.36  15  0.01  3.87298
26.38  18  0.01  4.24264
26.4  22  0.01  4.69042
26.42  25  0.01  5
26.44  24  0.01  4.89898
26.46  19  0.01  4.3589
26.48  18  0.01  4.24264
26.5  14  0.01  3.74166
26.52  12  0.01  3.4641
26.54  14  0.01  3.74166
26.56  21  0.01  4.58258
26.58  25  0.01  5
26.6  12  0.01  3.4641
26.62  20  0.01  4.47214
26.64  18  0.01  4.24264
26.66  13  0.01  3.60555
26.68  17  0.01  4.12311
26.7  12  0.01  3.4641
26.72  15  0.01  3.87298
26.74  10  0.01  3.16228
26.76  12  0.01  3.4641
26.78  13  0.01  3.60555
26.8  12  0.01  3.4641
26.82  14  0.01  3.74166
26.84  12  0.01  3.4641
26.86  12  0.01  3.4641
26.88  11  0.01  3.31662
26.9  17  0.01  4.12311
26.92  15  0.01  3.87298
26.94  6  0.01  2.44949
26.96  9  0.01  3
26.98  14  0.01  3.74166
27  19  0.01  4.3589
27.02  16  0.01  4
27.04  17  0.01  4.12311
27.06  17  0.01  4.12311
27.08  18  0.01  4.24264
27.1  18  0.01  4.24264
27.12  13  0.01  3.60555
27.14  12  0.01  3.4641
27.16  20  0.01  4.47214
27.18  17  0.01  4.12311
27.2  18  0.01  4.24264
27.22  21  0.01  4.58258
27.24  11  0.01  3.31662
27.26  16  0.01  4
27.28  22  0.01  4.69042
27.3  23  0.01  4.79583
27.32  24  0.01  4.89898
27.34  19  0.01  4.3589
27.36  17  0.01  4.12311
27.38  34  0.01  5.83095
27.4  33  0.01  5.74456
27.42  34  0.01  5.83095
27.44  27  0.01  5.19615
27.46  40  0.01  6.32456
27.48  35  0.01  5.91608
27.5  27  0.01  5.19615
27.52  45  0.01  6.7082
27.54  34  0.01  5.83095
27.56  39  0.01  6.245
27.58  51  0.01  7.14143
27.6  56  0.01  7.48331
27.62  44  0.01  6.63325
27.64  58  0.01  7.61577
27.66  51  0.01  7.14143
27.68  58  0.01  7.61577
27.7  63  0.01  7.93725
27.72  69  0.01  8.30662
27.74  71  0.01  8.42615
27.76  63  0.01  7.93725
27.78  69  0.01  8.30662
27.8  75  0.01  8.66025
27.82  81  0.01  9
27.84  84  0.01  9.16515
27.86  82  0.01  9.05539
27.88  109  0.01  10.4403
27.9  81  0.01  9
27.92  69  0.01  8.30662
27.94  82  0.01  9.05539
27.96  96  0.01  9.79796
27.98  83  0.01  9.11043
28  75  0.01  8.66025
28.02  56  0.01  7.48331
28.04  45  0.01  6.7082
28.06  47  0.01  6.85565
28.08  35  0.01  5.91608
28.1  28  0.01  5.2915
28.12  19  0.01  4.3589
28.14  23  0.01  4.79583
28.16  24  0.01  4.89898
28.18  26  0.01  5.09902
28.2  23  0.01  4.79583
28.22  25  0.01  5
28.24  29  0.01  5.38516
28.26  15  0.01  3.87298
28.28  25  0.01  5
28.3  29  0.01  5.38516
28.32  34  0.01  5.83095
28.34  23  0.01  4.79583
28.36  26  0.01  5.09902
28.38  18  0.01  4.24264
28.4  22  0.01  4.69042
28.42  25  0.01  5
28.44  23  0.01  4.79583
28.46  21  0.01  4.58258
28.48  14  0.01  3.74166
28.5  17  0.01  4.12311
28.52  15  0.01  3.87298
28.54  9  0.01  3
28.56  17  0.01  4.12311
28.58  13  0.01  3.60555
28.6  11  0.01  3.31662
28.62  11  0.01  3.31662
28.64  16  0.01  4
28.66  11  0.01  3.31662
28.68  14  0.01  3.74166
28.7  10  0.01  3.16228
28.72  14  0.01  3.74166
28.74  14  0.01  3.74166
28.76  15  0.01  3.87298
28.78  9  0.01  3
28.8  14  0.01  3.74166
28.82  12  0.01  3.4641
28.84  5  0.01  2.23607
28.86  14  0.01  3.74166
28.88  12  0.01  3.4641
28.9  6  0.01  2.44949
28.92  14  0.01  3.74166
28.94  8  0.01  2.82843
28.96  9  0.01  3
28.98  14  0.01  3.74166
29  10  0.01  3.16228
29.02  11  0.01  3.31662
29.04  21  0.01  4.58258
29.06  16  0.01  4
29.08  14  0.01  3.74166
29.1  16  0.01  4
29.12  11  0.01  3.31662
29.14  14  0.01  3.74166
29.16  12  0.01  3.4641
29.18  11  0.01  3.31662
29.2  13  0.01  3.60555
29.22  16  0.01  4
29.24  12  0.01  3.4641
29.26  18  0.01  4.24264
29.28  15  0.01  3.87298
29.3  17  0.01  4.12311
29.32  11  0.01  3.31662
29.34  17  0.01  4.12311
29.36  24  0.01  4.89898
29.38  21  0.01  4.58258
29.4  22  0.01  4.69042
29.42  21  0.01  4.58258
29.44  20  0.01  4.47214
29.46  21  0.01  4.58258
29.48  21  0.01  4.58258
29.5  25  0.01  5
29.52  26  0.01  5.09902
29.54  27  0.01  5.19615
29.56  24  0.01  4.89898
29.58  25  0.01  5
29.6  26  0.01  5.09902
29.62  22  0.01  4.69042
29.64  28  0.01  5.2915
29.66  23  0.01  4.79583
29.68  31  0.01  5.56776
29.7  25  0.01  5
29.72  26  0.01  5.09902
29.74  28  0.01  5.2915
29.76  39  0.01  6.245
29.78  40  0.01  6.32456
29.8  46  0.01  6.78233
29.82  33  0.01  5.74456
29.84  34  0.01  5.83095
29.86  19  0.01  4.3589
29.88  26  0.01  5.09902
29.9  22  0.01  4.69042
29.92  25  0.01  5
29.94  21  0.01  4.58258
29.96  15  0.01  3.87298
29.98  21  0.01  4.58258
30  17  0.01  4.12311
30.02  18  0.01  4.24264
30.04  19  0.01  4.3589
30.06  26  0.01  5.09902
30.08  15  0.01  3.87298
30.1  24  0.01  4.89898
30.12  30  0.01  5.47723
30.14  41  0.01  6.40312
30.16  38  0.01  6.16441
30.18  51  0.01  7.14143
30.2  42  0.01  6.48074
30.22  43  0.01  6.55744
30.24  48  0.01  6.9282
30.26  47  0.01  6.85565
30.28  44  0.01  6.63325
30.3  35  0.01  5.91608
30.32  35  0.01  5.91608
30.34  34  0.01  5.83095
30.36  31  0.01  5.56776
30.38  30  0.01  5.47723
30.4  27  0.01  5.19615
30.42  25  0.01  5
30.44  23  0.01  4.79583
30.46  30  0.01  5.47723
30.48  25  0.01  5
30.5  18  0.01  4.24264
30.52  28  0.01  5.2915
30.54  13  0.01  3.60555
30.56  17  0.01  4.12311
30.58  27  0.01  5.19615
30.6  24  0.01  4.89898
30.62  34  0.01  5.83095
30.64  26  0.01  5.09902
30.66  23  0.01  4.79583
30.68  21  0.01  4.58258
30.7  35  0.01  5.91608
30.72  34  0.01  5.83095
30.74  16  0.01  4
30.76  15  0.01  3.87298
30.78  16  0.01  4
30.8  15  0.01  3.87298
30.82  13  0.01  3.60555
30.84  20  0.01  4.47214
30.86  9  0.01  3
30.88  19  0.01  4.3589
30.9  14  0.01  3.74166
30.92  17  0.01  4.12311
30.94  11  0.01  3.31662
30.96  18  0.01  4.24264
30.98  16  0.01  4
31  10  0.01  3.16228
31.02  12  0.01  3.4641
31.04  13  0.01  3.60555
31.06  10  0.01  3.16228
31.08  13  0.01  3.60555
31.1  14  0.01  3.74166
31.12  13  0.01  3.60555
31.14  9  0.01  3
31.16  9  0.01  3
31.18  11  0.01  3.31662
31.2  12  0.01  3.4641
31.22  22  0.01  4.69042
31.24  18  0.01  4.24264
31.26  9  0.01  3
31.28  19  0.01  4.3589
31.3  11  0.01  3.31662
31.32  20  0.01  4.47214
31.34  27  0.01  5.19615
31.36  21  0.01  4.58258
31.38  13  0.01  3.60555
31.4  22  0.01  4.69042
31.42  17  0.01  4.12311
31.44  26  0.01  5.09902
31.46  17  0.01  4.12311
31.48  17  0.01  4.12311
31.5  17  0.01  4.12311
31.52  21  0.01  4.58258
31.54  18  0.01  4.24264
31.56  10  0.01  3.16228
31.58  24  0.01  4.89898
31.6  9  0.01  3
31.62  14  0.01  3.74166
31.64  19  0.01  4.3589
31.66  12  0.01  3.4641
31.68  13  0.01  3.60555
31.7  11  0.01  3.31662
31.72  11  0.01  3.31662
31.74  15  0.01  3.87298
31.76  16  0.01  4
31.78  21  0.01  4.58258
31.8  16  0.01  4
31.82  13  0.01  3.60555
31.84  10  0.01  3.16228
31.86  13  0.01  3.60555
31.88  17  0.01  4.12311
31.9  7  0.01  2.64575
31.92  8  0.01  2.82843
31.94  19  0.01  4.3589
31.96  10  0.01  3.16228
31.98  13  0.01  3.60555
32  13  0.01  3.60555
32.02  8  0.01  2.82843
32.04  10  0.01  3.16228
32.06  12  0.01  3.4641
32.08  16  0.01  4
32.1  16  0.01  4
32.12  14  0.01  3.74166
32.14  10  0.01  3.16228
32.16  5  0.01  2.23607
32.18  11  0.01  3.31662
32.2  14  0.01  3.74166
32.22  9  0.01  3
32.24  12  0.01  3.4641
32.26  13  0.01  3.60555
32.28  10  0.01  3.16228
32.3  14  0.01  3.74166
32.32  9  0.01  3
32.34  11  0.01  3.31662
32.36  16  0.01  4
32.38  6  0.01  2.44949
32.4  13  0.01  3.60555
32.42  11  0.01  3.31662
32.44  14  0.01  3.74166
32.46  12  0.01  3.4641
32.48  10  0.01  3.16228
32.5  8  0.01  2.82843
32.52  10  0.01  3.16228
32.54  7  0.01  2.64575
32.56  10  0.01  3.16228
32.58  5  0.01  2.23607
32.6  11  0.01  3.31662
32.62  9  0.01  3
32.64  9  0.01  3
32.66  14  0.01  3.74166
32.68  5  0.01  2.23607
32.7  7  0.01  2.64575
32.72  5  0.01  2.23607
32.74  15  0.01  3.87298
32.76  13  0.01  3.60555
32.78  9  0.01  3
32.8  13  0.01  3.60555
32.82  20  0.01  4.47214
32.84  7  0.01  2.64575
32.86  14  0.01  3.74166
32.88  13  0.01  3.60555
32.9  11  0.01  3.31662
32.92  11  0.01  3.31662
32.94  6  0.01  2.44949
32.96  6  0.01  2.44949
32.98  10  0.01  3.16228
33  10  0.01  3.16228
33.02  10  0.01  3.16228
33.04  16  0.01  4
33.06  5  0.01  2.23607
33.08  9  0.01  3
33.1  11  0.01  3.31662
33.12  11  0.01  3.31662
33.14  8  0.01  2.82843
33.16  12  0.01  3.4641
33.18  9  0.01  3
33.2  12  0.01  3.4641
33.22  12  0.01  3.4641
33.24  9  0.01  3
33.26  7  0.01  2.64575
33.28  5  0.01  2.23607
33.3  13  0.01  3.60555
33.32  9  0.01  3
33.34  9  0.01  3
33.36  10  0.01  3.16228
33.38  7  0.01  2.64575
33.4  10  0.01  3.16228
33.42  10  0.01  3.16228
33.44  12  0.01  3.4641
33.46  15  0.01  3.87298
33.48  15  0.01  3.87298
33.5  6  0.01  2.44949
33.52  12  0.01  3.4641
33.54  13  0.01  3.60555
33.56  17  0.01  4.12311
33.58  6  0.01  2.44949
33.6  17  0.01  4.12311
33.62  15  0.01  3.87298
33.64  15  0.01  3.87298
33.66  15  0.01  3.87298
33.68  16  0.01  4
33.7  16  0.01  4
33.72  11  0.01  3.31662
33.74  6  0.01  2.44949
33.76  12  0.01  3.4641
33.78  11  0.01  3.31662
33.8  15  0.01  3.87298
33.82  10  0.01  3.16228
33.84  14  0.01  3.74166
33.86  10  0.01  3.16228
33.88  5  0.01  2.23607
33.9  9  0.01  3
33.92  4  0.01  2
33.94  11  0.01  3.31662
33.96  8  0.01  2.82843
33.98  12  0.01  3.4641
34  10  0.01  3.16228
34.02  11  0.01  3.31662
34.04  9  0.01  3
34.06  12  0.01  3.4641
34.08  11  0.01  3.31662
34.1  16  0.01  4
34.12  9  0.01  3
34.14  6  0.01  2.44949
34.16  8  0.01  2.82843
34.18  7  0.01  2.64575
34.2  8  0.01  2.82843
34.22  9  0.01  3
34.24  8  0.01  2.82843
34.26  8  0.01  2.82843
34.28  9  0.01  3
34.3  7  0.01  2.64575
34.32  7  0.01  2.64575
34.34  14  0.01  3.74166
34.36  6  0.01  2.44949
34.38  11  0.01  3.31662
34.4  15  0.01  3.87298
34.42  9  0.01  3
34.44  7  0.01  2.64575
34.46  8  0.01  2.82843
34.48  5  0.01  2.23607
34.5  9  0.01  3
34.52  7  0.01  2.64575
34.54  11  0.01  3.31662
34.56  12  0.01  3.4641
34.58  16  0.01  4
34.6  7  0.01  2.64575
34.62  16  0.01  4
34.64  6  0.01  2.44949
34.66  5  0.01  2.23607
34.68  9  0.01  3
34.7  7  0.01  2.64575
34.72  12  0.01  3.4641
34.74  15  0.01  3.87298
34.76  16  0.01  4
34.78  11  0.01  3.31662
34.8  16  0.01  4
34.82  9  0.01  3
34.84  14  0.01  3.74166
34.86  22  0.01  4.69042
34.88  14  0.01  3.74166
34.9  13  0.01  3.60555
34.92  18  0.01  4.24264
34.94  20  0.01  4.47214
34.96  19  0.01  4.3589
34.98  23  0.01  4.79583
35  19  0.01  4.3589
35.02  25  0.01  5
35.04  27  0.01  5.19615
35.06  23  0.01  4.79583
35.08  20  0.01  4.47214
35.1  20  0.01  4.47214
35.12  19  0.01  4.3589
35.14  31  0.01  5.56776
35.16  27  0.01  5.19615
35.18  31  0.01  5.56776
35.2  31  0.01  5.56776
35.22  31  0.01  5.56776
35.24  26  0.01  5.09902
35.26  15  0.01  3.87298
35.28  22  0.01  4.69042
35.3  31  0.01  5.56776
35.32  31  0.01  5.56776
35.34  33  0.01  5.74456
35.36  28  0.01  5.2915
35.38  39  0.01  6.245
35.4  23  0.01  4.79583
35.42  29  0.01  5.38516
35.44  28  0.01  5.2915
35.46  34  0.01  5.83095
35.48  34  0.01  5.83095
35.5  24  0.01  4.89898
35.52  34  0.01  5.83095
35.54  30  0.01  5.47723
35.56  48  0.01  6.9282
35.58  28  0.01  5.2915
35.6  37  0.01  6.08276
35.62  38  0.01  6.16441
35.64  35  0.01  5.91608
35.66  43  0.01  6.55744
35.68  39  0.01  6.245
35.7  25  0.01  5
35.72  24  0.01  4.89898
35.74  24  0.01  4.89898
35.76  17  0.01  4.12311
35.78  22  0.01  4.69042
35.8  17  0.01  4.12311
35.82  22  0.01  4.69042
35.84  19  0.01  4.3589
35.86  8  0.01  2.82843
35.88  16  0.01  4
35.9  10  0.01  3.16228
35.92  14  0.01  3.74166
35.94  10  0.01  3.16228
35.96  13  0.01  3.60555
35.98  15  0.01  3.87298
36  11  0.01  3.31662
36.02  6  0.01  2.44949
36.04  8  0.01  2.82843
36.06  7  0.01  2.64575
36.08  14  0.01  3.74166
36.1  13  0.01  3.60555
36.12  10  0.01  3.16228
36.14  8  0.01  2.82843
36.16  6  0.01  2.44949
36.18  12  0.01  3.4641
36.2  18  0.01  4.24264
36.22  9  0.01  3
36.24  10  0.01  3.16228
36.26  9  0.01  3
36.28  14  0.01  3.74166
36.3  13  0.01  3.60555
36.32  13  0.01  3.60555
36.34  11  0.01  3.31662
36.36  12  0.01  3.4641
36.38  9  0.01  3
36.4  11  0.01  3.31662
36.42  11  0.01  3.31662
36.44  7  0.01  2.64575
36.46  7  0.01  2.64575
36.48  7  0.01  2.64575
36.5  12  0.01  3.4641
36.52  14  0.01  3.74166
36.54  9  0.01  3
36.56  18  0.01  4.24264
36.58  5  0.01  2.23607
36.6  8  0.01  2.82843
36.62  8  0.01  2.82843
36.64  13  0.01  3.60555
36.66  15  0.01  3.87298
36.68  7  0.01  2.64575
36.7  15  0.01  3.87298
36.72  7  0.01  2.64575
36.74  10  0.01  3.16228
36.76  6  0.01  2.44949
36.78  8  0.01  2.82843
36.8  8  0.01  2.82843
36.82  10  0.01  3.16228
36.84  13  0.01  3.60555
36.86  7  0.01  2.64575
36.88  10  0.01  3.16228
36.9  9  0.01  3
36.92  5  0.01  2.23607
36.94  7  0.01  2.64575
36.96  9  0.01  3
36.98  12  0.01  3.4641
37  10  0.01  3.16228
37.02  8  0.01  2.82843
37.04  8  0.01  2.82843
37.06  7  0.01  2.64575
37.08  14  0.01  3.74166
37.1  9  0.01  3
37.12  4  0.01  2
37.14  6  0.01  2.44949
37.16  7  0.01  2.64575
37.18  9  0.01  3
37.2  3  0.01  1.73205
37.22  10  0.01  3.16228
37.24  7  0.01  2.64575
37.26  7  0.01  2.64575
37.28  13  0.01  3.60555
37.3  5  0.01  2.23607
37.32  5  0.01  2.23607
37.34  9  0.01  3
37.36  6  0.01  2.44949
37.38  8  0.01  2.82843
37.4  10  0.01  3.16228
37.42  7  0.01  2.64575
37.44  20  0.01  4.47214
37.46  15  0.01  3.87298
37.48  13  0.01  3.60555
37.5  24  0.01  4.89898
37.52  11  0.01  3.31662
37.54  14  0.01  3.74166
37.56  8  0.01  2.82843
37.58  19  0.01  4.3589
37.6  22  0.01  4.69042
37.62  10  0.01  3.16228
37.64  8  0.01  2.82843
37.66  8  0.01  2.82843
37.68  7  0.01  2.64575
37.7  4  0.01  2
37.72  13  0.01  3.60555
37.74  9  0.01  3
37.76  9  0.01  3
37.78  9  0.01  3
37.8  4  0.01  2
37.82  2  0.01  1.41421
37.84  5  0.01  2.23607
37.86  9  0.01  3
37.88  12  0.01  3.4641
37.9  7  0.01  2.64575
37.92  7  0.01  2.64575
37.94  5  0.01  2.23607
37.96  9  0.01  3
37.98  14  0.01  3.74166
38  9  0.01  3
38.02  2  0.01  1.41421
38.04  4  0.01  2
38.06  6  0.01  2.44949
38.08  7  0.01  2.64575
38.1  6  0.01  2.44949
38.12  4  0.01  2
38.14  7  0.01  2.64575
38.16  8  0.01  2.82843
38.18  9  0.01  3
38.2  4  0.01  2
38.22  5  0.01  2.23607
38.24  6  0.01  2.44949
38.26  7  0.01  2.64575
38.28  6  0.01  2.44949
38.3  9  0.01  3
38.32  9  0.01  3
38.34  3  0.01  1.73205
38.36  5  0.01  2.23607
38.38  10  0.01  3.16228
38.4  6  0.01  2.44949
38.42  7  0.01  2.64575
38.44  5  0.01  2.23607
38.46  6  0.01  2.44949
38.48  7  0.01  2.64575
38.5  3  0.01  1.73205
38.52  9  0.01  3
38.54  3  0.01  1.73205
38.56  5  0.01  2.23607
38.58  6  0.01  2.44949
38.6  9  0.01  3
38.62  5  0.01  2.23607
38.64  5  0.01  2.23607
38.66  5  0.01  2.23607
38.68  5  0.01  2.23607
38.7  11  0.01  3.31662
38.72  8  0.01  2.82843
38.74  12  0.01  3.4641
38.76  13  0.01  3.60555
38.78  18  0.01  4.24264
38.8  12  0.01  3.4641
38.82  8  0.01  2.82843
38.84  6  0.01  2.44949
38.86  8  0.01  2.82843
38.88  8  0.01  2.82843
38.9  17  0.01  4.12311
38.92  8  0.01  2.82843
38.94  8  0.01  2.82843
38.96  6  0.01  2.44949
38.98  8  0.01  2.82843
39  13  0.01  3.60555
39.02  10  0.01  3.16228
39.04  12  0.01  3.4641
39.06  11  0.01  3.31662
39.08  8  0.01  2.82843
39.1  12  0.01  3.4641
39.12  14  0.01  3.74166
39.14  9  0.01  3
39.16  12  0.01  3.4641
39.18  10  0.01  3.16228
39.2  9  0.01  3
39.22  5  0.01  2.23607
39.24  11  0.01  3.31662
39.26  10  0.01  3.16228
39.28  11  0.01  3.31662
39.3  10  0.01  3.16228
39.32  9  0.01  3
39.34  4  0.01  2
39.36  9  0.01  3
39.38  9  0.01  3
39.4  12  0.01  3.4641
39.42  10  0.01  3.16228
39.44  11  0.01  3.31662
39.46  12  0.01  3.4641
39.48  19  0.01  4.3589
39.5  9  0.01  3
39.52  11  0.01  3.31662
39.54  8  0.01  2.82843
39.56  9  0.01  3
39.58  9  0.01  3
39.6  4  0.01  2
39.62  11  0.01  3.31662
39.64  4  0.01  2
39.66  12  0.01  3.4641
39.68  13  0.01  3.60555
39.7  11  0.01  3.31662
39.72  7  0.01  2.64575
39.74  14  0.01  3.74166
39.76  14  0.01  3.74166
39.78  11  0.01  3.31662
39.8  10  0.01  3.16228
39.82  13  0.01  3.60555
39.84  12  0.01  3.4641
39.86  8  0.01  2.82843
39.88  9  0.01  3
39.9  7  0.01  2.64575
39.92  8  0.01  2.82843
39.94  3  0.01  1.73205
39.96  4  0.01  2
39.98  12  0.01  3.4641
40  5  0.01  2.23607
40.02  7  0.01  2.64575
40.04  6  0.01  2.44949
40.06  9  0.01  3
40.08  9  0.01  3
40.1  9  0.01  3
40.12  6  0.01  2.44949
40.14  9  0.01  3
40.16  13  0.01  3.60555
40.18  11  0.01  3.31662
40.2  7  0.01  2.64575
40.22  7  0.01  2.64575
40.24  12  0.01  3.4641
40.26  9  0.01  3
40.28  11  0.01  3.31662
40.3  6  0.01  2.44949
40.32  7  0.01  2.64575
40.34  10  0.01  3.16228
40.36  10  0.01  3.16228
40.38  5  0.01  2.23607
40.4  10  0.01  3.16228
40.42  6  0.01  2.44949
40.44  5  0.01  2.23607
40.46  8  0.01  2.82843
40.48  14  0.01  3.74166
40.5  8  0.01  2.82843
40.52  7  0.01  2.64575
40.54  7  0.01  2.64575
40.56  7  0.01  2.64575
40.58  13  0.01  3.60555
40.6  8  0.01  2.82843
40.62  10  0.01  3.16228
40.64  15  0.01  3.87298
40.66  8  0.01  2.82843
40.68  10  0.01  3.16228
40.7  8  0.01  2.82843
40.72  8  0.01  2.82843
40.74  7  0.01  2.64575
40.76  12  0.01  3.4641
40.78  9  0.01  3
40.8  9  0.01  3
40.82  8  0.01  2.82843
40.84  10  0.01  3.16228
40.86  5  0.01  2.23607
40.88  7  0.01  2.64575
40.9  11  0.01  3.31662
40.92  4  0.01  2
40.94  10  0.01  3.16228
40.96  11  0.01  3.31662
40.98  6  0.01  2.44949
41  4  0.01  2
41.02  8  0.01  2.82843
41.04  4  0.01  2
41.06  7  0.01  2.64575
41.08  8  0.01  2.82843
41.1  7  0.01  2.64575
41.12  8  0.01  2.82843
41.14  8  0.01  2.82843
41.16  6  0.01  2.44949
41.18  11  0.01  3.31662
41.2  12  0.01  3.4641
41.22  13  0.01  3.60555
41.24  11  0.01  3.31662
41.26  14  0.01  3.74166
41.28  10  0.01  3.16228
41.3  14  0.01  3.74166
41.32  18  0.01  4.24264
41.34  10  0.01  3.16228
41.36  5  0.01  2.23607
41.38  11  0.01  3.31662
41.4  7  0.01  2.64575
41.42  8  0.01  2.82843
41.44  12  0.01  3.4641
41.46  10  0.01  3.16228
41.48  8  0.01  2.82843
41.5  6  0.01  2.44949
41.52  7  0.01  2.64575
41.54  8  0.01  2.82843
41.56  6  0.01  2.44949
41.58  9  0.01  3
41.6  12  0.01  3.4641
41.62  9  0.01  3
41.64  8  0.01  2.82843
41.66  7  0.01  2.64575
41.68  10  0.01  3.16228
41.7  12  0.01  3.4641
41.72  10  0.01  3.16228
41.74  8  0.01  2.82843
41.76  8  0.01  2.82843
41.78  16  0.01  4
41.8  5  0.01  2.23607
41.82  6  0.01  2.44949
41.84  12  0.01  3.4641
41.86  7  0.01  2.64575
41.88  8  0.01  2.82843
41.9  12  0.01  3.4641
41.92  9  0.01  3
41.94  10  0.01  3.16228
41.96  9  0.01  3
41.98  14  0.01  3.74166
42  12  0.01  3.4641
42.02  17  0.01  4.12311
42.04  14  0.01  3.74166
42.06  15  0.01  3.87298
42.08  14  0.01  3.74166
42.1  17  0.01  4.12311
42.12  11  0.01  3.31662
42.14  15  0.01  3.87298
42.16  20  0.01  4.47214
42.18  16  0.01  4
42.2  15  0.01  3.87298
42.22  12  0.01  3.4641
42.24  13  0.01  3.60555
42.26  11  0.01  3.31662
42.28  19  0.01  4.3589
42.3  17  0.01  4.12311
42.32  15  0.01  3.87298
42.34  8  0.01  2.82843
42.36  14  0.01  3.74166
42.38  11  0.01  3.31662
42.4  12  0.01  3.4641
42.42  10  0.01  3.16228
42.44  11  0.01  3.31662
42.46  12  0.01  3.4641
42.48  13  0.01  3.60555
42.5  15  0.01  3.87298
42.52  11  0.01  3.31662
42.54  13  0.01  3.60555
42.56  11  0.01  3.31662
42.58  9  0.01  3
42.6  10  0.01  3.16228
42.62  19  0.01  4.3589
42.64  14  0.01  3.74166
42.66  7  0.01  2.64575
42.68  11  0.01  3.31662
42.7  15  0.01  3.87298
42.72  6  0.01  2.44949
42.74  20  0.01  4.47214
42.76  16  0.01  4
42.78  22  0.01  4.69042
42.8  9  0.01  3
42.82  13  0.01  3.60555
42.84  13  0.01  3.60555
42.86  9  0.01  3
42.88  13  0.01  3.60555
42.9  8  0.01  2.82843
42.92  15  0.01  3.87298
42.94  17  0.01  4.12311
42.96  12  0.01  3.4641
42.98  10  0.01  3.16228
43  14  0.01  3.74166
43.02  17  0.01  4.12311
43.04  14  0.01  3.74166
43.06  10  0.01  3.16228
43.08  13  0.01  3.60555
43.1  11  0.01  3.31662
43.12  8  0.01  2.82843
43.14  7  0.01  2.64575
43.16  10  0.01  3.16228
43.18  3  0.01  1.73205
43.2  15  0.01  3.87298
43.22  7  0.01  2.64575
43.24  11  0.01  3.31662
43.26  8  0.01  2.82843
43.28  7  0.01  2.64575
43.3  12  0.01  3.4641
43.32  9  0.01  3
43.34  5  0.01  2.23607
43.36  4  0.01  2
43.38  9  0.01  3
43.4  13  0.01  3.60555
43.42  5  0.01  2.23607
43.44  4  0.01  2
43.46  4  0.01  2
43.48  7  0.01  2.64575
43.5  9  0.01  3
43.52  7  0.01  2.64575
43.54  6  0.01  2.44949
43.56  8  0.01  2.82843
43.58  17  0.01  4.12311
43.6  8  0.01  2.82843
43.62  6  0.01  2.44949
43.64  3  0.01  1.73205
43.66  9  0.01  3
43.68  6  0.01  2.44949
43.7  5  0.01  2.23607
43.72  5  0.01  2.23607
43.74  6  0.01  2.44949
43.76  4  0.01  2
43.78  9  0.01  3
43.8  3  0.01  1.73205
43.82  1  0.01  1
43.84  6  0.01  2.44949
43.86  11  0.01  3.31662
43.88  9  0.01  3
43.9  5  0.01  2.23607
43.92  8  0.01  2.82843
43.94  6  0.01  2.44949
43.96  7  0.01  2.64575
43.98  5  0.01  2.23607
44  3  0.01  1.73205
44.02  16  0.01  4
44.04  7  0.01  2.64575
44.06  5  0.01  2.23607
44.08  11  0.01  3.31662
44.1  9  0.01  3
44.12  6  0.01  2.44949
44.14  10  0.01  3.16228
44.16  12  0.01  3.4641
44.18  7  0.01  2.64575
44.2  6  0.01  2.44949
44.22  4  0.01  2
44.24  4  0.01  2
44.26  9  0.01  3
44.28  10  0.01  3.16228
44.3  5  0.01  2.23607
44.32  4  0.01  2
44.34  12  0.01  3.4641
44.36  6  0.01  2.44949
44.38  14  0.01  3.74166
44.4  10  0.01  3.16228
44.42  12  0.01  3.4641
44.44  13  0.01  3.60555
44.46  6  0.01  2.44949
44.48  10  0.01  3.16228
44.5  2  0.01  1.41421
44.52  10  0.01  3.16228
44.54  8  0.01  2.82843
44.56  7  0.01  2.64575
44.58  11  0.01  3.31662
44.6  8  0.01  2.82843
44.62  7  0.01  2.64575
44.64  9  0.01  3
44.66  10  0.01  3.16228
44.68  7  0.01  2.64575
44.7  15  0.01  3.87298
44.72  7  0.01  2.64575
44.74  9  0.01  3
44.76  12  0.01  3.4641
44.78  12  0.01  3.4641
44.8  11  0.01  3.31662
44.82  20  0.01  4.47214
44.84  11  0.01  3.31662
44.86  18  0.01  4.24264
44.88  9  0.01  3
44.9  8  0.01  2.82843
44.92  5  0.01  2.23607
44.94  12  0.01  3.4641
44.96  10  0.01  3.16228
44.98  14  0.01  3.74166
45  4  0.01  2
45.02  8  0.01  2.82843
45.04  8  0.01  2.82843
45.06  7  0.01  2.64575
45.08  6  0.01  2.44949
45.1  12  0.01  3.4641
45.12  8  0.01  2.82843
45.14  7  0.01  2.64575
45.16  11  0.01  3.31662
45.18  7  0.01  2.64575
45.2  7  0.01  2.64575
45.22  8  0.01  2.82843
45.24  18  0.01  4.24264
45.26  7  0.01  2.64575
45.28  4  0.01  2
45.3  13  0.01  3.60555
45.32  8  0.01  2.82843
45.34  4  0.01  2
45.36  4  0.01  2
45.38  9  0.01  3
45.4  8  0.01  2.82843
45.42  9  0.01  3
45.44  4  0.01  2
45.46  2  0.01  1.41421
45.48  10  0.01  3.16228
45.5  5  0.01  2.23607
45.52  6  0.01  2.44949
45.54  6  0.01  2.44949
45.56  7  0.01  2.64575
45.58  11  0.01  3.31662
45.6  10  0.01  3.16228
45.62  7  0.01  2.64575
45.64  7  0.01  2.64575
45.66  6  0.01  2.44949
45.68  4  0.01  2
45.7  9  0.01  3
45.72  7  0.01  2.64575
45.74  9  0.01  3
45.76  12  0.01  3.4641
45.78  6  0.01  2.44949
45.8  5  0.01  2.23607
45.82  10  0.01  3.16228
45.84  6  0.01  2.44949
45.86  5  0.01  2.23607
45.88  5  0.01  2.23607
45.9  6  0.01  2.44949
45.92  10  0.01  3.16228
45.94  10  0.01  3.16228
45.96  7  0.01  2.64575
45.98  9  0.01  3
46  8  0.01  2.82843
46.02  8  0.01  2.82843
46.04  7  0.01  2.64575
46.06  5  0.01  2.23607
46.08  9  0.01  3
46.1  7  0.01  2.64575
46.12  10  0.01  3.16228
46.14  7  0.01  2.64575
46.16  1  0.01  1
46.18  7  0.01  2.64575
46.2  3  0.01  1.73205
46.22  4  0.01  2
46.24  8  0.01  2.82843
46.26  4  0.01  2
46.28  5  0.01  2.23607
46.3  3  0.01  1.73205
46.32  8  0.01  2.82843
46.34  6  0.01  2.44949
46.36  4  0.01  2
46.38  6  0.01  2.44949
46.4  7  0.01  2.64575
46.42  7  0.01  2.64575
46.44  9  0.01  3
46.46  9  0.01  3
46.48  10  0.01  3.16228
46.5  6  0.01  2.44949
46.52  9  0.01  3
46.54  8  0.01  2.82843
46.56  4  0.01  2
46.58  6  0.01  2.44949
46.6  7  0.01  2.64575
46.62  6  0.01  2.44949
46.64  6  0.01  2.44949
46.66  11  0.01  3.31662
46.68  8  0.01  2.82843
46.7  9  0.01  3
46.72  9  0.01  3
46.74  3  0.01  1.73205
46.76  7  0.01  2.64575
46.78  8  0.01  2.82843
46.8  5  0.01  2.23607
46.82  7  0.01  2.64575
46.84  12  0.01  3.4641
46.86  11  0.01  3.31662
46.88  12  0.01  3.4641
46.9  12  0.01  3.4641
46.92  9  0.01  3
46.94  16  0.01  4
46.96  14  0.01  3.74166
46.98  15  0.01  3.87298
47  11  0.01  3.31662
47.02  17  0.01  4.12311
47.04  11  0.01  3.31662
47.06  10  0.01  3.16228
47.08  10  0.01  3.16228
47.1  11  0.01  3.31662
47.12  4  0.01  2
47.14  12  0.01  3.4641
47.16  10  0.01  3.16228
47.18  8  0.01  2.82843
47.2  6  0.01  2.44949
47.22  8  0.01  2.82843
47.24  7  0.01  2.64575
47.26  6  0.01  2.44949
47.28  4  0.01  2
47.3  5  0.01  2.23607
47.32  8  0.01  2.82843
47.34  6  0.01  2.44949
47.36  12  0.01  3.4641
47.38  8  0.01  2.82843
47.4  5  0.01  2.23607
47.42  4  0.01  2
47.44  6  0.01  2.44949
47.46  4  0.01  2
47.48  7  0.01  2.64575
47.5  8  0.01  2.82843
47.52  5  0.01  2.23607
47.54  1  0.01  1
47.56  10  0.01  3.16228
47.58  6  0.01  2.44949
47.6  10  0.01  3.16228
47.62  9  0.01  3
47.64  3  0.01  1.73205
47.66  11  0.01  3.31662
47.68  7  0.01  2.64575
47.7  3  0.01  1.73205
47.72  7  0.01  2.64575
47.74  6  0.01  2.44949
47.76  3  0.01  1.73205
47.78  4  0.01  2
47.8  6  0.01  2.44949
47.82  7  0.01  2.64575
47.84  8  0.01  2.82843
47.86  2  0.01  1.41421
47.88  11  0.01  3.31662
47.9  8  0.01  2.82843
47.92  6  0.01  2.44949
47.94  7  0.01  2.64575
47.96  8  0.01  2.82843
47.98  3  0.01  1.73205
48  9  0.01  3
48.02  4  0.01  2
48.04  10  0.01  3.16228
48.06  12  0.01  3.4641
48.08  7  0.01  2.64575
48.1  6  0.01  2.44949
48.12  9  0.01  3
48.14  5  0.01  2.23607
48.16  10  0.01  3.16228
48.18  11  0.01  3.31662
48.2  6  0.01  2.44949
48.22  6  0.01  2.44949
48.24  13  0.01  3.60555
48.26  3  0.01  1.73205
48.28  7  0.01  2.64575
48.3  6  0.01  2.44949
48.32  10  0.01  3.16228
48.34  9  0.01  3
48.36  10  0.01  3.16228
48.38  6  0.01  2.44949
48.4  9  0.01  3
48.42  11  0.01  3.31662
48.44  9  0.01  3
48.46  7  0.01  2.64575
48.48  9  0.01  3
48.5  4  0.01  2
48.52  6  0.01  2.44949
48.54  3  0.01  1.73205
48.56  8  0.01  2.82843
48.58  8  0.01  2.82843
48.6  5  0.01  2.23607
48.62  9  0.01  3
48.64  7  0.01  2.64575
48.66  11  0.01  3.31662
48.68  6  0.01  2.44949
48.7  11  0.01  3.31662
48.72  3  0.01  1.73205
48.74  10  0.01  3.16228
48.76  10  0.01  3.16228
48.78  9  0.01  3
48.8  9  0.01  3
48.82  7  0.01  2.64575
48.84  10  0.01  3.16228
48.86  7  0.01  2.64575
48.88  13  0.01  3.60555
48.9  6  0.01  2.44949
48.92  4  0.01  2
48.94  14  0.01  3.74166
48.96  7  0.01  2.64575
48.98  6  0.01  2.44949
49  8  0.01  2.82843
49.02  7  0.01  2.64575
49.04  8  0.01  2.82843
49.06  8  0.01  2.82843
49.08  9  0.01  3
49.1  6  0.01  2.44949
49.12  13  0.01  3.60555
49.14  9  0.01  3
49.16  9  0.01  3
49.18  2  0.01  1.41421
49.2  9  0.01  3
49.22  9  0.01  3
49.24  11  0.01  3.31662
49.26  11  0.01  3.31662
49.28  6  0.01  2.44949
49.3  12  0.01  3.4641
49.32  11  0.01  3.31662
49.34  15  0.01  3.87298
49.36  15  0.01  3.87298
49.38  10  0.01  3.16228
49.4  6  0.01  2.44949
49.42  13  0.01  3.60555
49.44  10  0.01  3.16228
49.46  11  0.01  3.31662
49.48  14  0.01  3.74166
49.5  12  0.01  3.4641
49.52  16  0.01  4
49.54  16  0.01  4
49.56  23  0.01  4.79583
49.58  20  0.01  4.47214
49.6  12  0.01  3.4641
49.62  18  0.01  4.24264
49.64  16  0.01  4
49.66  16  0.01  4
49.68  16  0.01  4
49.7  11  0.01  3.31662
49.72  13  0.01  3.60555
49.74  9  0.01  3
49.76  9  0.01  3
49.78  17  0.01  4.12311
49.8  16  0.01  4
49.82  4  0.01  2
49.84  10  0.01  3.16228
49.86  6  0.01  2.44949
49.88  9  0.01  3
49.9  5  0.01  2.23607
49.92  8  0.01  2.82843
49.94  8  0.01  2.82843
49.96  5  0.01  2.23607
49.98  3  0.01  1.73205
50  9  0.01  3
50.02  15  0.01  3.87298
50.04  5  0.01  2.23607
50.06  9  0.01  3
50.08  4  0.01  2
50.1  11  0.01  3.31662
50.12  4  0.01  2
50.14  8  0.01  2.82843
50.16  17  0.01  4.12311
50.18  16  0.01  4
50.2  7  0.01  2.64575
50.22  13  0.01  3.60555
50.24  10  0.01  3.16228
50.26  15  0.01  3.87298
50.28  5  0.01  2.23607
50.3  4  0.01  2
50.32  13  0.01  3.60555
50.34  11  0.01  3.31662
50.36  5  0.01  2.23607
50.38  12  0.01  3.4641
50.4  5  0.01  2.23607
50.42  12  0.01  3.4641
50.44  6  0.01  2.44949
50.46  9  0.01  3
50.48  10  0.01  3.16228
50.5  6  0.01  2.44949
50.52  5  0.01  2.23607
50.54  8  0.01  2.82843
50.56  12  0.01  3.4641
50.58  6  0.01  2.44949
50.6  8  0.01  2.82843
50.62  9  0.01  3
50.64  12  0.01  3.4641
50.66  9  0.01  3
50.68  5  0.01  2.23607
50.7  9  0.01  3
50.72  7  0.01  2.64575
50.74  10  0.01  3.16228
50.76  16  0.01  4
50.78  10  0.01  3.16228
50.8  11  0.01  3.31662
50.82  16  0.01  4
50.84  12  0.01  3.4641
50.86  14  0.01  3.74166
50.88  9  0.01  3
50.9  7  0.01  2.64575
50.92  23  0.01  4.79583
50.94  16  0.01  4
50.96  12  0.01  3.4641
50.98  9  0.01  3
51  10  0.01  3.16228
51.02  14  0.01  3.74166
51.04  12  0.01  3.4641
51.06  15  0.01  3.87298
51.08  14  0.01  3.74166
51.1  7  0.01  2.64575
51.12  7  0.01  2.64575
51.14  11  0.01  3.31662
51.16  14  0.01  3.74166
51.18  9  0.01  3
51.2  6  0.01  2.44949
51.22  7  0.01  2.64575
51.24  10  0.01  3.16228
51.26  9  0.01  3
51.28  8  0.01  2.82843
51.3  9  0.01  3
51.32  20  0.01  4.47214
51.34  17  0.01  4.12311
51.36  19  0.01  4.3589
51.38  19  0.01  4.3589
51.4  40  0.01  6.32456
51.42  40  0.01  6.32456
51.44  47  0.01  6.85565
51.46  31  0.01  5.56776
51.48  26  0.01  5.09902
51.5  35  0.01  5.91608
51.52  39  0.01  6.245
51.54  36  0.01  6
51.56  33  0.01  5.74456
51.58  28  0.01  5.2915
51.6  34  0.01  5.83095
51.62  28  0.01  5.2915
51.64  19  0.01  4.3589
51.66  16  0.01  4
51.68  21  0.01  4.58258
51.7  10  0.01  3.16228
51.72  15  0.01  3.87298
51.74  14  0.01  3.74166
51.76  13  0.01  3.60555
51.78  11  0.01  3.31662
51.8  8  0.01  2.82843
51.82  6  0.01  2.44949
51.84  13  0.01  3.60555
51.86  8  0.01  2.82843
51.88  13  0.01  3.60555
51.9  13  0.01  3.60555
51.92  7  0.01  2.64575
51.94  11  0.01  3.31662
51.96  12  0.01  3.4641
51.98  11  0.01  3.31662
52  9  0.01  3
52.02  9  0.01  3
52.04  8  0.01  2.82843
52.06  5  0.01  2.23607
52.08  5  0.01  2.23607
52.1  10  0.01  3.16228
52.12  16  0.01  4
52.14  12  0.01  3.4641
52.16  9  0.01  3
52.18  15  0.01  3.87298
52.2  16  0.01  4
52.22  12  0.01  3.4641
52.24  15  0.01  3.87298
52.26  15  0.01  3.87298
52.28  9  0.01  3
52.3  8  0.01  2.82843
52.32  11  0.01  3.31662
52.34  9  0.01  3
52.36  9  0.01  3
52.38  8  0.01  2.82843
52.4  7  0.01  2.64575
52.42  7  0.01  2.64575
52.44  8  0.01  2.82843
52.46  5  0.01  2.23607
52.48  6  0.01  2.44949
52.5  3  0.01  1.73205
52.52  6  0.01  2.44949
52.54  8  0.01  2.82843
52.56  4  0.01  2
52.58  9  0.01  3
52.6  9  0.01  3
52.62  8  0.01  2.82843
52.64  6  0.01  2.44949
52.66  8  0.01  2.82843
52.68  9  0.01  3
52.7  12  0.01  3.4641
52.72  2  0.01  1.41421
52.74  3  0.01  1.73205
52.76  10  0.01  3.16228
52.78  6  0.01  2.44949
52.8  11  0.01  3.31662
52.82  10  0.01  3.16228
52.84  13  0.01  3.60555
52.86  5  0.01  2.23607
52.88  9  0.01  3
52.9  10  0.01  3.16228
52.92  13  0.01  3.60555
52.94  12  0.01  3.4641
52.96  12  0.01  3.4641
52.98  11  0.01  3.31662
53  6  0.01  2.44949
53.02  6  0.01  2.44949
53.04  7  0.01  2.64575
53.06  6  0.01  2.44949
53.08  5  0.01  2.23607
53.1  7  0.01  2.64575
53.12  14  0.01  3.74166
53.14  10  0.01  3.16228
53.16  5  0.01  2.23607
53.18  6  0.01  2.44949
53.2  17  0.01  4.12311
53.22  10  0.01  3.16228
53.24  6  0.01  2.44949
53.26  11  0.01  3.31662
53.28  10  0.01  3.16228
53.3  8  0.01  2.82843
53.32  9  0.01  3
53.34  12  0.01  3.4641
53.36  5  0.01  2.23607
53.38  12  0.01  3.4641
53.4  8  0.01  2.82843
53.42  10  0.01  3.16228
53.44  7  0.01  2.64575
53.46  7  0.01  2.64575
53.48  9  0.01  3
53.5  7  0.01  2.64575
53.52  10  0.01  3.16228
53.54  3  0.01  1.73205
53.56  13  0.01  3.60555
53.58  8  0.01  2.82843
53.6  3  0.01  1.73205
53.62  6  0.01  2.44949
53.64  5  0.01  2.23607
53.66  9  0.01  3
53.68  7  0.01  2.64575
53.7  3  0.01  1.73205
53.72  7  0.01  2.64575
53.74  6  0.01  2.44949
53.76  7  0.01  2.64575
53.78  10  0.01  3.16228
53.8  9  0.01  3
53.82  7  0.01  2.64575
53.84  4  0.01  2
53.86  9  0.01  3
53.88  6  0.01  2.44949
53.9  6  0.01  2.44949
53.92  8  0.01  2.82843
53.94  8  0.01  2.82843
53.96  10  0.01  3.16228
53.98  9  0.01  3
54  7  0.01  2.64575
54.02  7  0.01  2.64575
54.04  7  0.01  2.64575
54.06  4  0.01  2
54.08  6  0.01  2.44949
54.1  8  0.01  2.82843
54.12  9  0.01  3
54.14  5  0.01  2.23607
54.16  5  0.01  2.23607
54.18  7  0.01  2.64575
54.2  8  0.01  2.82843
54.22  8  0.01  2.82843
54.24  8  0.01  2.82843
54.26  9  0.01  3
54.28  7  0.01  2.64575
54.3  5  0.01  2.23607
54.32  11  0.01  3.31662
54.34  10  0.01  3.16228
54.36  5  0.01  2.23607
54.38  12  0.01  3.4641
54.4  5  0.01  2.23607
54.42  10  0.01  3.16228
54.44  5  0.01  2.23607
54.46  8  0.01  2.82843
54.48  9  0.01  3
54.5  2  0.01  1.41421
54.52  5  0.01  2.23607
54.54  6  0.01  2.44949
54.56  11  0.01  3.31662
54.58  12  0.01  3.4641
54.6  6  0.01  2.44949
54.62  8  0.01  2.82843
54.64  9  0.01  3
54.66  5  0.01  2.23607
54.68  6  0.01  2.44949
54.7  11  0.01  3.31662
54.72  5  0.01  2.23607
54.74  8  0.01  2.82843
54.76  12  0.01  3.4641
54.78  11  0.01  3.31662
54.8  6  0.01  2.44949
54.82  9  0.01  3
54.84  2  0.01  1.41421
54.86  17  0.01  4.12311
54.88  4  0.01  2
54.9  15  0.01  3.87298
54.92  8  0.01  2.82843
54.94  7  0.01  2.64575
54.96  9  0.01  3
54.98  7  0.01  2.64575
55  11  0.01  3.31662
55.02  5  0.01  2.23607
55.04  8  0.01  2.82843
55.06  6  0.01  2.44949
55.08  4  0.01  2
55.1  8  0.01  2.82843
55.12  9  0.01  3
55.14  3  0.01  1.73205
55.16  8  0.01  2.82843
55.18  10  0.01  3.16228
55.2  11  0.01  3.31662
55.22  2  0.01  1.41421
55.24  5  0.01  2.23607
55.26  7  0.01  2.64575
55.28  11  0.01  3.31662
55.3  10  0.01  3.16228
55.32  5  0.01  2.23607
55.34  8  0.01  2.82843
55.36  7  0.01  2.64575
55.38  5  0.01  2.23607
55.4  11  0.01  3.31662
55.42  5  0.01  2.23607
55.44  5  0.01  2.23607
55.46  3  0.01  1.73205
55.48  7  0.01  2.64575
55.5  7  0.01  2.64575
55.52  10  0.01  3.16228
55.54  8  0.01  2.82843
55.56  11  0.01  3.31662
55.58  12  0.01  3.4641
55.6  4  0.01  2
55.62  12  0.01  3.4641
55.64  3  0.01  1.73205
55.66  14  0.01  3.74166
55.68  5  0.01  2.23607
55.7  12  0.01  3.4641
55.72  10  0.01  3.16228
55.74  8  0.01  2.82843
55.76  7  0.01  2.64575
55.78  5  0.01  2.23607
55.8  8  0.01  2.82843
55.82  6  0.01  2.44949
55.84  9  0.01  3
55.86  4  0.01  2
55.88  9  0.01  3
55.9  7  0.01  2.64575
55.92  9  0.01  3
55.94  7  0.01  2.64575
55.96  14  0.01  3.74166
55.98  7  0.01  2.64575
56  7  0.01  2.64575
56.02  9  0.01  3
56.04  6  0.01  2.44949
56.06  13  0.01  3.60555
56.08  8  0.01  2.82843
56.1  4  0.01  2
56.12  5  0.01  2.23607
56.14  9  0.01  3
56.16  9  0.01  3
56.18  13  0.01  3.60555
56.2  6  0.01  2.44949
56.22  9  0.01  3
56.24  5  0.01  2.23607
56.26  11  0.01  3.31662
56.28  4  0.01  2
56.3  6  0.01  2.44949
56.32  9  0.01  3
56.34  14  0.01  3.74166
56.36  10  0.01  3.16228
56.38  9  0.01  3
56.4  12  0.01  3.4641
56.42  8  0.01  2.82843
56.44  7  0.01  2.64575
56.46  15  0.01  3.87298
56.48  11  0.01  3.31662
56.5  15  0.01  3.87298
56.52  11  0.01  3.31662
56.54  15  0.01  3.87298
56.56  13  0.01  3.60555
56.58  8  0.01  2.82843
56.6  9  0.01  3
56.62  5  0.01  2.23607
56.64  14  0.01  3.74166
56.66  5  0.01  2.23607
56.68  13  0.01  3.60555
56.7  9  0.01  3
56.72  13  0.01  3.60555
56.74  9  0.01  3
56.76  7  0.01  2.64575
56.78  5  0.01  2.23607
56.8  12  0.01  3.4641
56.82  7  0.01  2.64575
56.84  6  0.01  2.44949
56.86  11  0.01  3.31662
56.88  15  0.01  3.87298
56.9  7  0.01  2.64575
56.92  13  0.01  3.60555
56.94  8  0.01  2.82843
56.96  9  0.01  3
56.98  10  0.01  3.16228
57  8  0.01  2.82843
57.02  14  0.01  3.74166
57.04  6  0.01  2.44949
57.06  8  0.01  2.82843
57.08  14  0.01  3.74166
57.1  8  0.01  2.82843
57.12  9  0.01  3
57.14  7  0.01  2.64575
57.16  4  0.01  2
57.18  8  0.01  2.82843
57.2  7  0.01  2.64575
57.22  11  0.01  3.31662
57.24  10  0.01  3.16228
57.26  7  0.01  2.64575
57.28  8  0.01  2.82843
57.3  14  0.01  3.74166
57.32  14  0.01  3.74166
57.34  10  0.01  3.16228
57.36  11  0.01  3.31662
57.38  9  0.01  3
57.4  12  0.01  3.4641
57.42  5  0.01  2.23607
57.44  6  0.01  2.44949
57.46  3  0.01  1.73205
57.48  11  0.01  3.31662
57.5  7  0.01  2.64575
57.52  6  0.01  2.44949
57.54  7  0.01  2.64575
57.56  7  0.01  2.64575
57.58  13  0.01  3.60555
57.6  5  0.01  2.23607
57.62  7  0.01  2.64575
57.64  5  0.01  2.23607
57.66  9  0.01  3
57.68  9  0.01  3
57.7  11  0.01  3.31662
57.72  6  0.01  2.44949
57.74  10  0.01  3.16228
57.76  11  0.01  3.31662
57.78  6  0.01  2.44949
57.8  9  0.01  3
57.82  8  0.01  2.82843
57.84  8  0.01  2.82843
57.86  5  0.01  2.23607
57.88  11  0.01  3.31662
57.9  7  0.01  2.64575
57.92  12  0.01  3.4641
57.94  5  0.01  2.23607
57.96  11  0.01  3.31662
57.98  10  0.01  3.16228
58  14  0.01  3.74166
58.02  6  0.01  2.44949
58.04  9  0.01  3
58.06  6  0.01  2.44949
58.08  6  0.01  2.44949
58.1  12  0.01  3.4641
58.12  10  0.01  3.16228
58.14  8  0.01  2.82843
58.16  12  0.01  3.4641
58.18  8  0.01  2.82843
58.2  8  0.01  2.82843
58.22  12  0.01  3.4641
58.24  4  0.01  2
58.26  7  0.01  2.64575
58.28  9  0.01  3
58.3  10  0.01  3.16228
58.32  10  0.01  3.16228
58.34  5  0.01  2.23607
58.36  9  0.01  3
58.38  7  0.01  2.64575
58.4  8  0.01  2.82843
58.42  5  0.01  2.23607
58.44  9  0.01  3
58.46  5  0.01  2.23607
58.48  4  0.01  2
58.5  5  0.01  2.23607
58.52  6  0.01  2.44949
58.54  6  0.01  2.44949
58.56  10  0.01  3.16228
58.58  12  0.01  3.4641
58.6  4  0.01  2
58.62  12  0.01  3.4641
58.64  10  0.01  3.16228
58.66  7  0.01  2.64575
58.68  5  0.01  2.23607
58.7  7  0.01  2.64575
58.72  11  0.01  3.31662
58.74  7  0.01  2.64575
58.76  9  0.01  3
58.78  4  0.01  2
58.8  4  0.01  2
58.82  5  0.01  2.23607
58.84  3  0.01  1.73205
58.86  3  0.01  1.73205
58.88  5  0.01  2.23607
58.9  9  0.01  3
58.92  7  0.01  2.64575
58.94  4  0.01  2
58.96  9  0.01  3
58.98  1  0.01  1
59  8  0.01  2.82843
59.02  5  0.01  2.23607
59.04  6  0.01  2.44949
59.06  9  0.01  3
59.08  10  0.01  3.16228
59.1  11  0.01  3.31662
59.12  6  0.01  2.44949
59.14  5  0.01  2.23607
59.16  2  0.01  1.41421
59.18  9  0.01  3
59.2  11  0.01  3.31662
59.22  9  0.01  3
59.24  5  0.01  2.23607
59.26  5  0.01  2.23607
59.28  11  0.01  3.31662
59.3  6  0.01  2.44949
59.32  7  0.01  2.64575
59.34  7  0.01  2.64575
59.36  4  0.01  2
59.38  5  0.01  2.23607
59.4  5  0.01  2.23607
59.42  12  0.01  3.4641
59.44  8  0.01  2.82843
59.46  9  0.01  3
59.48  6  0.01  2.44949
59.5  10  0.01  3.16228
59.52  8  0.01  2.82843
59.54  6  0.01  2.44949
59.56  8  0.01  2.82843
59.58  7  0.01  2.64575
59.6  6  0.01  2.44949
59.62  10  0.01  3.16228
59.64  6  0.01  2.44949
59.66  8  0.01  2.82843
59.68  5  0.01  2.23607
59.7  7  0.01  2.64575
59.72  9  0.01  3
59.74  12  0.01  3.4641
59.76  6  0.01  2.44949
59.78  13  0.01  3.60555
59.8  3  0.01  1.73205
59.82  5  0.01  2.23607
59.84  13  0.01  3.60555
59.86  4  0.01  2
59.88  9  0.01  3
59.9  11  0.01  3.31662
59.92  10  0.01  3.16228
59.94  6  0.01  2.44949
59.96  13  0.01  3.60555
59.98  7  0.01  2.64575
