2048
2129
2146
2109
2118
2190
2206
2362
2309
2482
2434
2441
2566
2648
2729
2786
2958
2837
3250
3430
3918
4577
5231
5803
5826
5360
4788
4340
3912
4066
3941
3992
3962
3807
3720
3664
3702
3603
3441
3381
3245
3154
3246
3102
3135
3115
3147
3046
3032
2949
3008
2882
2936
2967
2876
2980
2976
2874
3087
3012
3009
3127
3115
3187
16440
3216
3231
3410
3347
3344
3377
3421
3475
3367
3415
3487
3610
3595
3489
3648
3542
3730
3612
3685
3655
3772
3578
3592
3657
3781
3736
3753
3735
3672
3812
3650
3751
3857
3733
3778
3903
4064
3903
4028
3974
3979
4196
